8044788770  
8044765315  
8044811965  
8044796125  
5591691854  
8044821042  
8039832727  
8044784481  
8039843580  
8044809693  
8044794481  
8044826081  
2706389344  
3029880350  
5678791744  
2374159348  
2389311555  
3117112858  
2389833532  
2438814729  
2389293618  
2379197885  
2402370491  
3836505350  
4876747219  
7997648999  
7997626036  
7997551866  
7997522237  
7985367015  
1767714431  
4198663902  
7957238041  
8001347072
8014321649
8014559786
8004932008
7689411629
8003985497
8004001922
7948643579
2974434123
7957239783
2359767676
7957258637
4218961199
7957223031
7957221952
2915246893
1
7989474335
7981313318
5731002488
